11
36
82
114
128
204
221
277
303
375
403
437
519
533
587
637
649
662
717
721
722
746
755
803
804
811
836
867
876
887
890
891
930
989
1015
1016
1018
1039
1051
1055
1065
1071
1141
1147
1183
1236
1263
1265
1266
1287
1313
1326
1332
1375
1389
1391
1412
1550
1566
1622
1633
1705
1731
1854
1864
1904
1917
2061
2064
2116
2225
2225
2237
2325
2377
2433
2578
2693
2735
2848
2882
2934
2963
2995
2997
3030
3078
3178
3203
3295
3327
3361
3373
3378
3390
3450
3518
3534
3574
3621
3759
3764
3792
3938
3952
3966
3984
4003
4040
4056
4102
4141
4183
4207
4288
4294
4343
4348
4355
4415
4427
4444
4449
4449
4470
4540
4542
4616
4709
4756
4808
4826
4838
4864
4902
5084
5101
5104
5106
5112
5142
5176
5184
5282
5309
5313
5367
5424
5436
5449
5455
5516
5535
5590
5595
5631
5666
5685
5693
5704
5766
5767
5792
5796
5820
5831
5837
5844
5871
5910
5918
5958
6018
6036
6081
6083
6113
6126
6177
6239
6342
6388
6417
6433
6505
6518
6518
6532
6558
6623
6691
6737
6769
6776
6786
6819
6837
6868
6903
6939
6971
6993
7053
7059
7105
7126
7164
7180
7188
7193
7202
7211
7232
7239
7247
7247
7270
7293
7298
7316
7326
7366
7376
7387
7410
7508
7510
7526
7561
7596
7606
7617
7759
7762
7763
7817
7843
7855
7868
7891
7899
7903
7928
7961
8024
8091
8092
8107
8142
8253
8300
8320
8326
8397
8440
8447
8455
8470
8471
8471
8492
8499
8518
8550
8562
8570
8571
8688
8746
8772
8804
8852
8881
8919
9007
9012
9032
9042
9091
9092
9123
9129
9193
9220
9226
9274
9290
9309
9337
9356
9369
9377
9476
9497
9508
9519
9634
9638
9648
9651
9652
9654
9683
9793
9834
9850
9866
9880
9897
9957
10041
10080
10135
10146
10161
10200
10266
10297
10338
10393
10431
10432
10469
10635
10643
10690
10727
10743
10764
10823
10843
10869
10898
10915
10924
10933
10946
10946
11016
11027
11038
11106
11165
11177
11198
11262
11272
11284
11294
11418
11516
11527
11534
11562
11607
11627
11646
11651
11652
11695
11712
11753
11758
11774
11948
11950
11974
11980
11982
12019
12052
12183
12202
12205
12245
12312
12345
12369
12410
12433
12495
12547
12553
12592
12606
12678
12707
12853
12896
12898
12904
12910
12951
12994
13029
13104
13124
13172
13227
13248
13254
13254
13275
13321
13344
13368
13375
13488
13534
13642
13643
13699
13743
13764
13843
13854
13873
13881
13901
13926
13939
13955
13975
13998
14004
14011
14025
14029
14102
14192
14258
14308
14368
14440
14458
14467
14534
14553
14574
14580
14608
14637
14733
14769
14771
14781
14799
14815
14821
14824
14841
14847
14862
14872
14950
14958
14973
14977
15003
15011
15028
15043
15053
15083
15091
15237
15310
15344
15400
15404
15440
15448
15514
15519
15531
15553
15573
15579
15605
15658
15708
15787
15850
15962
15985
15998
16016
16057
16063
16070
16090
16096
16173
16204
16240
16245
16286
16291
16322
16432
16467
16468
16539
16549
16617
16659
16725
16763
16765
16809
16907
16930
16969
16974
16985
17019
17052
17139
17177
17253
17272
17345
17409
17430
17439
17451
17468
17524
17533
17546
17552
17552
17591
17607
17797
17904
17926
17962
17969
17981
18008
18041
18055
18185
18195
18222
18282
18284
18345
18346
18381
18511
18526
18535
18561
18620
18626
18662
18762
18798
18847
18862
18864
18868
18876
18894
18902
18963
18976
18987
18992
19012
19017
19052
19067
19083
19090
19178
19193
19202
19251
19312
19312
19366
19474
19497
19524
19567
19633
19690
19713
19876
19879
19886
19916
19982
19985
20009
20011
20015
20028
20034
20043
20098
20099
20180
20191
20259
20316
20337
20373
20385
20392
20408
20412
20461
20503
20515
20529
20546
20553
20558
20580
20606
20606
20637
20639
20643
20646
20653
20674
20699
20701
20707
20714
20719
20724
20740
20750
20752
20792
20796
20802
20827
20840
20871
20996
21029
21036
21037
21042
21045
21089
21123
21130
21152
21156
21203
21243
21259
21303
21307
21318
21327
21386
21412
21448
21513
21527
21551
21554
21558
21575
21580
21625
21689
21707
21710
21754
21841
21866
21886
21979
21993
22013
22018
22019
22039
22061
22092
22098
22109
22120
22146
22147
22214
22305
22330
22336
22380
22514
22566
22586
22598
22659
22659
22679
22684
22691
22698
22741
22752
22786
22827
22864
22890
22895
22910
22934
22943
22951
22990
23027
23028
23028
23038
23057
23066
23091
23145
23276
23286
23310
23333
23346
23403
23492
23584
23584
23589
23684
23690
23702
23712
23721
23743
23756
23776
23806
23809
23815
23824
23855
23910
23950
24004
24026
24051
24083
24114
24126
24133
24158
24198
24209
24237
24289
24473
24478
24541
24580
24596
24604
24606
24636
24658
24753
24783
24831
24864
24882
24884
24916
24921
25020
25042
25108
25122
25141
25178
25282
25304
25305
25340
25372
25446
25468
25478
25483
25499
25528
25539
25585
25631
25647
25692
25693
25704
25749
25752
25768
25773
25791
25804
25840
25949
25963
25978
25988
26181
26203
26280
26294
26297
26298
26317
26436
26505
26506
26509
26523
26525
26550
26585
26618
26669
26710
26718
26753
26765
26776
26823
26850
26870
26877
26887
26912
26943
26949
27032
27037
27049
27086
27136
27143
27158
27350
27375
27403
27463
27465
27468
27474
27506
27510
27520
27564
27597
27654
27671
27760
27761
27792
27803
27817
27830
27861
27868
27899
27953
28016
28025
28035
28047
28156
28159
28176
28220
28259
28296
28312
28316
28344
28402
28492
28548
28590
28665
28742
28751
28774
28809
28887
28893
28990
29141
29143
29277
29290
29319
29334
29378
29391
29427
29448
29479
29559
29560
29584
29596
29604
29657
29835
29836
29856
29950
29953
29991
30057
30158
30183
30190
30245
30249
30284
30321
30364
30369
30439
30451
30468
30473
30495
30553
30593
30607
30609
30666
30783
30793
30822
30862
30927
30940
30941
30974
31003
31016
31042
31118
31123
31166
31227
31260
31282
31289
31339
31380
31430
31506
31522
31680
31682
31710
31738
31762
31819
31822
31833
31837
31925
31991
31995
32065
32136
32143
32156
32171
32180
32212
32248
32358
32391
32454
32528
32536
32564
32571
32672
32748

