21412
19251
14580
9497
26718
20385
28176
8142
1633
13939
13642
7247
19090
11272
16468
8470
3792
6868
10146
7510
7126
9651
19312
21993
12898
7293
17926
7817
12183
7899
21307
13124
20639
24921
20792
17962
22934
18620
15998
5449
9123
20373
22827
7387
22120
27158
17272
14781
20637
23589
20871
20515
1015
13743
25692
19083
18511
26943
30249
1263
27136
12495
15310
30783
30609
13534
32672
14862
4756
10690
6505
9356
18381
22336
10161
15028
12951
15962
28220
7366
28548
20840
32212
8440
8772
29290
2377
25704
4808
11165
2997
26710
9638
22092
9220
3984
13248
9193
18868
4141
1313
15708
16090
11646
29479
27803
25446
20034
30183
1147
19879
17177
8397
31430
19474
20796
21123
26765
13375
21866
7188
25791
9012
4902
9042
27899
4838
1055
1141
20643
26877
15344
30468
21042
25304
13321
14841
29391
721
5101
2848
7202
25282
18847
11712
7270
4040
1622
17533
10431
21318
29560
637
22990
3373
13254
30666
22147
891
1236
31991
8499
19202
5309
519
15083
11627
24596
17546
4355
12410
11294
12553
26870
8852
28990
29604
15985
20606
18864
31738
18345
18535
14458
30793
5106
20009
23712
3030
30862
25804
25752
17552
16322
4427
22013
5104
20015
15003
32136
20259
12896
19178
6971
31339
21152
30245
7903
25539
11534
18876
2225
20674
24051
27049
16985
17345
24658
7855
1051
7232
15553
6623
6737
5766
6776
4449
7961
28296
26280
6769
31819
10764
1550
25768
18862
19982
17607
14973
23403
867
30822
27403
5313
28316
2116
277
21243
16173
20503
27463
1183
14799
4294
31166
16617
16930
25468
21707
29559
10135
25340
20724
28742
14733
32564
17468
989
26298
12052
16549
21448
27597
29856
22514
9032
21841
26436
19633
20553
22741
14440
21625
7316
18762
26181
20337
5958
10924
4343
6417
14977
10469
9683
22061
4449
30190
21754
25647
31282
21303
1326
19876
22752
19017
14821
26618
19886
22698
8092
32391
17451
4864
12910
11982
28259
890
13029
23038
82
18284
23824
20412
16286
12345
5590
5666
15237
27510
649
29448
16659
30284
16063
6786
24473
24606
9309
9897
4444
8300
23028
15519
23690
1016
6993
717
114
29991
28751
19567
755
9129
17904
7763
12853
20316
7596
28893
28312
14958
18185
21327
20714
1731
22380
21575
221
662
21551
21386
20408
10338
17139
8447
27468
22019
5176
3327
15658
32536
7211
19916
18963
24237
3518
24158
9648
27671
11262
14950
20099
5918
9634
7053
1566
3938
20191
7164
31123
6903
11652
25122
20011
16467
2882
14769
26203
18282
587
15850
29427
22039
14368
31003
9369
11198
15011
7526
4470
16432
13172
15043
9007
18894
25978
5704
8471
28402
10432
1705
10915
9866
22659
31227
13854
3078
26505
2237
26525
10869
3764
14872
21558
746
18902
23910
1389
21029
5831
7410
20719
22895
10933
11774
22659
11974
4540
16907
17981
22586
27830
7508
6388
13975
16725
30364
5367
836
4207
1065
11516
25963
9880
23057
30553
25178
23286
32180
887
11562
12369
21130
9091
6558
3178
17439
32358
13901
31118
20827
32248
20996
9834
23815
28016
28774
6177
26509
23584
29141
17052
5631
6239
29334
31522
10843
22214
9519
31016
20750
22943
11284
22890
26550
11418
13955
22330
8492
18626
25773
12312
10946
13488
14102
25988
14025
29950
3390
20752
4183
24831
30593
16057
7239
12205
24636
375
27520
20707
20529
13843
17019
26317
21037
10297
14847
29596
14824
3534
23855
3966
21036
3203
26823
15053
13881
15787
4003
8326
23145
9290
26753
23806
2064
18798
26887
7376
20646
29378
4616
10266
15400
10080
12547
11753
14011
30439
23276
25585
403
14029
1071
20098
11027
10743
23027
17591
21045
18055
16539
1265
14637
3574
7059
28035
27465
11106
16969
11695
31260
19497
18041
722
5595
26294
28590
21979
1287
25499
4102
19713
16204
23776
5685
9654
12202
26523
204
27350
25042
7105
5820
23333
7891
20028
2325
5112
15605
12606
25108
21554
9957
20180
25949
27506
24083
4542
17797
10635
31833
20606
21203
25141
30941
3759
1864
22786
13368
26776
5084
10643
4056
23809
21259
11
5282
26949
17552
13764
27868
11177
30321
9793
13643
32748
32571
20580
27032
18976
28047
6113
28665
25528
20701
15091
2061
24289
16240
20558
8455
5142
32171
24916
23310
11758
10898
29835
14308
10041
5516
7247
16070
28492
8550
24004
6036
10393
22684
1039
24882
13699
5844
13254
18222
1904
27564
21156
6819
25631
6837
6018
29277
5436
23743
22146
5693
13873
18008
23950
14815
5184
30607
29953
19067
21710
30974
22691
21513
22018
27143
15579
16809
32143
25693
13344
32065
27086
14534
2225
12904
14608
26912
24198
14467
23346
930
12678
26669
8562
17253
1018
24541
128
6691
20802
31682
14553
1854
6342
1266
22864
24580
5424
23492
20461
27953
29657
8570
31995
437
8320
9508
31837
28344
31042
6081
6433
30940
32454
19366
8024
12994
21689
804
36
24783
9850
4709
31762
18992
17430
22679
18346
6939
2934
21580
24133
15448
29143
22305
30495
17409
16763
7326
20653
25478
24478
18526
17969
30451
11948
3952
25483
6518
24753
4348
27474
25372
19985
8746
803
13275
9337
4415
31289
12245
533
9226
24126
20699
20740
21886
21089
12592
30473
5792
23721
29584
11651
5796
7561
27761
5535
22098
9652
28809
23756
2735
24114
27792
1391
4826
14004
10823
10200
1332
3621
26297
16245
6083
2433
7617
22598
26585
19690
11980
12433
25840
19193
16096
8919
25305
7762
31710
27654
5910
8571
9476
8688
1412
14574
31925
28156
8253
876
1917
24604
7868
25749
15440
28159
20546
7606
2578
29319
28025
26850
22109
16765
11607
19012
22910
9092
8518
2995
31680
20043
7298
5767
6126
11527
10946
8107
18195
3361
23066
23028
6532
811
23584
8881
24864
7193
16974
23684
28887
11950
22951
27760
30057
24884
27037
3378
19312
14192
23091
27861
30369
15573
1375
18561
7759
7928
14258
31380
13104
19524
9274
12019
8804
27375
20392
12707
14771
15404
13998
2963
8471
16291
13227
25020
3450
11038
26506
19052
4288
2693
10727
3295
11016
7180
17524
32528
303
15531
32156
30158
23702
30927
13926
31506
22566
5455
8091
16016
24209
9377
18987
29836
24026
31822
5837
5871
21527
7843
18662
15514
6518
27817
